4 5 2 # rank nocc nvirt sto-3g eri tensor
4.7466535296714909
0.42827896554633915
-1.2472976012897695e-06
-0.16624591730823429
1.3442745713486177e-22
0.19982259821105122
3.1836275622395851e-06
0.42827896554633921
0.061085729042373249
-1.5680891825880613e-07
-0.021815312104538104
1.8409909971008224e-23
0.030362625792629546
4.9879902747888041e-07
-1.2472976013053715e-06
-1.5680891826910468e-07
0.010593961231720376
9.2336508080059678e-08
-4.1678134928454043e-18
-2.2074205403359475e-07
0.014369579105950721
-0.16624591730823426
-0.021815312104538114
9.2336508076763026e-08
0.024419539387627875
-1.0490537941283587e-23
0.0027303940443332039
-3.6409978355784933e-08
1.3442745713742943e-22
1.8409909972229986e-23
-4.1678134928454051e-18
-1.0490537941643947e-23
0.025968913971874744
-2.2159140911351433e-22
1.1979325934320508e-17
0.19982259821105119
0.030362625792629543
-2.2074205402473563e-07
0.0027303940443332039
-2.2159140911357828e-22
0.026196620379597461
1.2978514686482415e-07
3.1836275622876991e-06
4.9879902749591001e-07
0.014369579105950721
-3.6409978365265772e-08
1.1979325934320506e-17
1.297851468758576e-07
0.019521750520561335
0.42827896554633926
1.019193644399546
-8.1574693985318812e-07
-0.14655994753880389
4.378842771934078e-23
0.26886563190474894
4.485500394045296e-06
0.061085729042373249
0.015141915762383818
-6.9718951542914421e-08
-0.0081260102613376177
7.5042748425876898e-24
0.0061369059342660038
9.1328092102043037e-08
-1.5680891826741741e-07
-1.179087668007426e-07
-0.016813084801721515
-6.4085247870101364e-09
5.1095497543788995e-18
1.2271452083667951e-07
-0.014736286895538629
-0.0218153121045381
-0.012614282120985714
-1.2607559721255004e-08
-0.018489202209623981
5.9552614570848102e-24
-0.01841862809689607
-1.9842370742567238e-07
1.8409909972180521e-23
5.7824635846172143e-24
2.583237132814782e-18
1.8249102559622956e-23
-0.033182563321276712
2.4150991760331307e-22
-1.1503897962762556e-17
0.030362625792629525
0.0020128862379261386
2.002089801905521e-07
-0.020768303263846863
2.9200155275754883e-22
-0.0098260082784690714
1.4448303048113643e-07
4.9879902749363657e-07
-1.6037144669536763e-08
-0.021719446158878081
-2.1245089696983054e-07
-1.4759347530514556e-17
1.4126839341587437e-07
-0.019103311771509243
-1.2472976012776553e-06
-8.1574693986653058e-07
0.76304430867099093
1.3382813686088004e-06
-1.2479845311217002e-16
-4.5618634620172584e-06
0.3700662827735946
-1.5680891825780324e-07
-6.971895155229277e-08
0.0046714473232114233
4.5453452718479553e-08
-1.9568828133628374e-18
-9.113667922126833e-08
0.0070158458509419963
0.01059396123172038
-0.016813084801721515
3.0880633037667915e-08
0.0025635668299356469
-1.0655546645789906e-23
-0.0026238981521455648
4.7600738359849354e-09
9.2336508076003238e-08
-1.2607559718300554e-08
-0.0055845502170078628
7.0672390823105138e-08
7.4068431155806092e-20
2.9930196984701398e-08
0.00028520880728080352
-4.1678134928454051e-18
2.5832371328147851e-18
-2.1672543130460382e-23
-4.1343904032095389e-18
9.1904728370759153e-08
4.9796822447957109e-18
1.0760363326022501e-22
-2.2074205402577917e-07
2.002089801824748e-07
-0.00057781254700634672
4.8264378582147304e-08
-1.1625672725464931e-18
-1.2256167017312292e-08
0.0057699426820608706
0.014369579105950721
-0.021719446158878084
7.7521260574003881e-08
0.0035431603311500354
2.4859956811992231e-23
-0.0030385628747918599
1.0812907620837337e-07
-0.16624591730823438
-0.14655994753880386
1.3382813685948862e-06
0.93904567637299607
-8.737041412793941e-22
0.26695961116588002
1.9631499541061214e-06
-0.021815312104538118
-0.0081260102613376003
4.5453452721068086e-08
0.011400567917023024
-5.2779085468851918e-24
0.0034747921409782863
2.5551390137040905e-08
9.2336508079470143e-08
-6.408524784841732e-09
0.0025635668299356469
5.3664511515116864e-09
-2.41541487090497e-18
-1.1016435234131075e-07
0.0082947020863478205
0.024419539387627878
-0.018489202209623981
7.0672390823159348e-08
0.0089253059844552063
2.979807935343027e-24
-0.0012041432616132514
-5.8874159403817395e-08
-1.0490537940799095e-23
1.8249102555964441e-23
-4.1343904032095404e-18
2.4488448215118e-23
0.012001918925336329
-1.4369771978666262e-22
7.1123942301615096e-18
0.0027303940443332035
-0.020768303263846852
4.8264378581144417e-08
0.015922897716049472
-1.0023615546003306e-22
0.0017709897339450147
-1.6327764980431656e-07
-3.6409978361277941e-08
-2.1245089698029309e-07
0.0035431603311500341
2.0436371784388844e-07
4.897293016813016e-18
-1.1196494251170365e-07
0.011247677912154922
1.3442745713427722e-22
4.3788427733060022e-23
-1.2479845311217e-16
-8.7370414125688347e-22
1.115356320735057
-7.8016110082166e-21
3.9976222793917307e-16
1.8409909970960076e-23
7.5042748453562141e-24
-1.9568828133628089e-18
-5.277908565221117e-24
0.012113522491011686
-1.0491929999469743e-22
5.6666479334864671e-18
-4.1678134928454043e-18
5.1095497543788995e-18
-1.065554664634963e-23
-2.4154148709049715e-18
-3.4980247446032842e-08
3.3073921056314772e-18
2.9373235014732353e-23
-1.0490537941264027e-23
5.9552614530162832e-24
7.4068431155791022e-20
2.9798079452675848e-24
-0.0046733354582599159
1.1918977057930988e-23
-8.9945788771533122e-19
0.025968913971874744
-0.033182563321276726
9.190472837032886e-08
0.012001918925336329
-1.6823909204634715e-23
-0.01325609530965564
-2.0970671011594173e-07
-2.2159140911420045e-22
2.9200155275581549e-22
-1.1625672725464758e-18
-1.0023615547152394e-22
0.0054108777863582603
2.0201541666663054e-23
3.674210300836521e-18
1.1979325934320509e-17
-1.4759347530514556e-17
2.4859956813039456e-23
4.8972930168130184e-18
8.377098441216934e-08
-4.1737798362554315e-18
-2.8014625119473861e-23
0.19982259821105133
0.26886563190474899
-4.5618634620586699e-06
0.26695961116588007
-7.8016110081818505e-21
0.78200675905033734
-4.6781483367036762e-07
0.03036262579262956
0.0061369059342659812
-9.1136679230267208e-08
0.0034747921409783002
-1.0491929998108351e-22
0.0074145589873953529
-2.0930329234266753e-08
-2.2074205403273416e-07
1.2271452083457209e-07
-0.0026238981521455661
-1.1016435234376375e-07
3.307392105631478e-18
1.2539756993391361e-07
-0.0076610582369254525
0.0027303940443331983
-0.01841862809689607
2.9930196989065311e-08
-0.0012041432616132584
1.1918977052709912e-23
-0.018008352516216863
-1.8457386426673147e-07
-2.215914091143968e-22
2.4150991760434825e-22
4.9796822447957139e-18
-1.4369771978670475e-22
-0.013256095309655639
2.496974045695453e-22
-6.328721453838766e-18
0.026196620379597468
-0.0098260082784690835
-1.2256167023492245e-08
0.0017709897339450217
2.0201541676422102e-23
-0.0087866804456485231
-3.9936901567629978e-08
1.2978514687178846e-07
1.4126839341895079e-07
-0.0030385628747918573
-1.1196494250956235e-07
-4.1737798362554322e-18
1.6513705369065792e-07
-0.010135886670528227
3.1836275622281226e-06
4.4855003940516199e-06
0.37006628277359466
1.9631499541269356e-06
3.9976222793917297e-16
-4.6781483360131876e-07
0.83969595451533086
4.9879902747952077e-07
9.1328092116049574e-08
0.0070158458509420527
2.5551390140672982e-08
5.6666479334864548e-18
-2.0930329231881508e-08
0.0089205131227818833
0.014369579105950723
-0.014736286895538631
4.7600738413923938e-09
0.0082947020863478171
2.9373235016947173e-23
-0.0076610582369254525
-2.6382658261173142e-07
-3.6409978357602665e-08
-1.9842370743141866e-07
0.000285208807280771
-5.8874159400890049e-08
-8.9945788771531754e-19
-1.8457386426548464e-07
-0.0037402093975216718
1.1979325934320508e-17
-1.1503897962762556e-17
1.0760363325981575e-22
7.1123942301615065e-18
-2.0970671011593834e-07
-6.328721453838766e-18
-1.9050185728967894e-22
1.2978514686692649e-07
1.4448303049048768e-07
0.00576994268206092
-1.6327764980748785e-07
3.6742103008365102e-18
-3.9936901572671518e-08
0.003747222692802261
0.019521750520561335
-0.019103311771509243
1.081290762004858e-07
0.011247677912154919
-2.8014625122483127e-23
-0.010135886670528225
-2.5304854676705575e-07
0.42827896554633943
0.061085729042373312
-1.5680891826238739e-07
-0.021815312104538135
1.8409909971273039e-23
0.030362625792629553
4.9879902748238374e-07
1.0191936443995462
0.015141915762383808
-1.1790876679673105e-07
-0.012614282120985707
5.7824635846172143e-24
0.0020128862379261633
-1.6037144678860901e-08
-8.1574693982372493e-07
-6.9718951541108123e-08
-0.016813084801721508
-1.2607559728410739e-08
2.5832371328147797e-18
2.0020898019182604e-07
-0.02171944615887807
-0.14655994753880403
-0.0081260102613376194
-6.408524781805966e-09
-0.018489202209623974
1.8249102560362483e-23
-0.020768303263846859
-2.1245089697153816e-07
4.378842773179914e-23
7.5042748434423212e-24
5.1095497543788995e-18
5.9552614521496147e-24
-0.033182563321276698
2.9200155275605623e-22
-1.4759347530514544e-17
0.26886563190474888
0.006136905934265989
1.2271452083843456e-07
-0.018418628096896067
2.4150991760428807e-22
-0.0098260082784690523
1.4126839341691792e-07
4.4855003940198757e-06
9.1328092101036762e-08
-0.01473628689553861
-1.9842370742526581e-07
-1.1503897962762539e-17
1.4448303047861566e-07
-0.019103311771509215
0.061085729042373256
0.015141915762383801
-6.9718951535162376e-08
-0.008126010261337609
7.5042748424673192e-24
0.0061369059342660133
9.1328092094694179e-08
0.015141915762383823
0.72371924074049132
2.4693690434986204e-07
-0.02250345909124226
-4.6428602380801838e-23
0.13193211883644299
2.2031560558194094e-06
-6.9718951528683421e-08
2.4693690430649395e-07
0.13122567092137014
1.6576069879290639e-07
-2.0594537111712859e-18
-8.1750099200738995e-07
0.053695428076330702
-0.0081260102613376298
-0.022503459091242257
1.657606987564772e-07
0.1296729117179736
-1.9106857553363164e-22
0.031430181641739163
1.6509425314033613e-08
7.504274841365928e-24
-4.6428602368475886e-23
-2.0594537111712705e-18
-1.9106857553555757e-22
0.15005881815657804
-8.7638834542023084e-22
3.9269091226536379e-17
0.0061369059342659951
0.13193211883644287
-8.1750099195469772e-07
0.031430181641739149
-8.7638834544103089e-22
0.095152692419964893
4.8776983787831088e-07
9.1328092079298508e-08
2.2031560559347685e-06
0.053695428076330695
1.6509425248764642e-08
3.9269091226536366e-17
4.8776983799627208e-07
0.067816495155864451
-1.5680891826092371e-07
-6.9718951545841767e-08
0.0046714473232113574
4.5453452707308882e-08
-1.9568828133628439e-18
-9.11366792101146e-08
0.0070158458509420128
-1.1790876680811517e-07
2.4693690434812732e-07
0.6162675038249793
5.7222022380436915e-07
-6.9179694182573359e-17
-2.2320245582239592e-06
0.16272209788980052
-0.016813084801721504
0.13122567092137016
-4.3234710075945593e-08
0.027636083300068236
1.3232906664043952e-23
-0.037544225048084502
-1.2604195425277784e-06
-6.4085247814264952e-09
1.657606987859675e-07
0.0043528821547934339
-6.5509302617141468e-07
1.7687278317451231e-17
9.2816839040738702e-07
-0.077596027122174768
5.1095497543788956e-18
-2.0594537111712705e-18
-2.403985173590836e-23
2.618293745430096e-17
-3.2882832605364998e-07
-3.5072048047715479e-17
-5.3110844135290165e-22
1.2271452083136014e-07
-8.1750099193908521e-07
0.066396090273654243
3.7774906312855461e-07
-2.2483227241870385e-17
-1.1848456553786163e-06
0.068881551127867327
-0.014736286895538613
0.053695428076330723
6.7828435454039826e-07
-0.030601950936683574
-4.4155497352619668e-22
0.030256456624685429
1.4792575621725215e-06
-0.021815312104538125
-0.0081260102613376125
4.5453452706302607e-08
0.011400567917022975
-5.2779085461206268e-24
0.0034747921409782976
2.5551390156421019e-08
-0.012614282120985714
-0.022503459091242257
5.7222022383342577e-07
0.66203334683592241
-7.4961301976576399e-22
0.12500295120320157
7.0536211960962186e-07
-1.2607559734265431e-08
1.6576069881892724e-07
0.02763608330006824
-6.950605161842871e-07
1.0899463166724724e-17
8.6498853164103558e-07
-0.072848082367076197
-0.018489202209623971
0.12967291171797365
-6.5509302620263971e-07
-0.094995073458721713
-1.9724775871231715e-23
-0.047733168580197174
-3.7410214722040369e-08
5.9552614541236929e-24
-1.9106857553401683e-22
2.6182937454300954e-17
-2.5111476462382515e-22
-0.044240979075281239
8.3020559463377722e-22
-3.7143255399905946e-17
-0.018418628096896067
0.031430181641739149
3.7774906317886159e-07
0.064734214641436874
2.9462765170507418e-22
0.060251873439537459
8.7891140734732559e-07
-1.9842370741249933e-07
1.6509425225345875e-08
-0.030601950936683595
1.4003897301703705e-06
-1.7448709550192042e-17
1.1059757300648301e-06
-0.017188559277708917
1.8409909971441558e-23
7.5042748461988085e-24
-1.9568828133628097e-18
-5.2779085626354761e-24
0.012113522491011691
-1.0491929999526016e-22
5.6666479334864548e-18
5.7824635851949932e-24
-4.642860238157221e-23
-6.9179694182573384e-17
-7.4961301976664796e-22
0.75399858091604799
-4.8086603098290525e-21
2.444369093699219e-16
2.5832371328147832e-18
-2.0594537111712867e-18
1.3232906657303198e-23
1.0899463166724721e-17
-4.1930398365919164e-07
-1.4647499033968481e-17
-2.9701951356055262e-22
1.8249102557473588e-23
-1.9106857552400199e-22
1.7687278317451237e-17
-1.9724775861987251e-23
-0.07938601781555743
7.6921626276358252e-22
-3.7357467109005411e-17
-0.033182563321276698
0.15005881815657807
-3.2882832605430051e-07
-0.044240979075281239
4.8730146258894385e-23
0.051765813637864172
8.2714477930400775e-07
2.4150991760522696e-22
-8.7638834543717903e-22
-2.2483227241870354e-17
2.9462765167729264e-22
0.14224379210126242
-1.1571703656886933e-21
4.4625033694433505e-17
-1.1503897962762545e-17
3.9269091226536366e-17
-4.4155497351098183e-22
-1.7448709550192036e-17
2.3277958727963705e-06
8.9079488329564948e-18
9.4743463548040569e-22
0.030362625792629529
0.0061369059342660306
-9.1136679211517287e-08
0.0034747921409783128
-1.0491929998033421e-22
0.0074145589873952861
-2.0930329261290492e-08
0.0020128862379261555
0.13193211883644301
-2.2320245581840606e-06
0.12500295120320157
-4.808660309865597e-21
0.59413682779199095
2.1436457128820585e-07
2.0020898019898177e-07
-8.1750099198722379e-07
-0.037544225048084488
8.6498853163930085e-07
-1.4647499033968477e-17
-2.1350496154509679e-06
0.086713396043499716
-0.020768303263846866
0.031430181641739129
9.2816839037789672e-07
-0.047733168580197161
7.692162627743918e-22
0.04853700412940657
7.0434748393726626e-07
2.9200155275492475e-22
-8.7638834541926788e-22
-3.5072048047715485e-17
8.3020559464860688e-22
0.0517658136378642
-1.3813994415534994e-21
3.5227371340139407e-17
-0.0098260082784690627
0.095152692419964963
-1.1848456553595343e-06
0.060251873439537473
-1.1571703657205675e-21
0.09210537151429922
3.8444200354398328e-07
1.444830304648463e-07
4.8776983797719012e-07
0.030256456624685436
1.1059757301099329e-06
8.9079488329564964e-18
1.4379620404403326e-06
-0.0045470548773072651
4.9879902748255992e-07
9.1328092103449112e-08
0.0070158458509420414
2.5551390160446119e-08
5.6666479334864324e-18
-2.0930329245840611e-08
0.008920513122781859
-1.6037144659128422e-08
2.2031560558402261e-06
0.16272209788980055
7.0536211959574407e-07
2.444369093699219e-16
2.1436457136800313e-07
0.60899587411757872
-0.021719446158878074
0.053695428076330709
-1.2604195425336331e-06
-0.072848082367076197
-2.9701951355747113e-22
0.086713396043499702
2.4537910132405027e-06
-2.1245089697966967e-07
1.6509425294951655e-08
-0.077596027122174754
-3.7410214701223687e-08
-3.7357467109005399e-17
7.0434748389910234e-07
-0.018328638150747339
-1.4759347530514544e-17
3.9269091226536372e-17
-5.3110844134654609e-22
-3.7143255399905946e-17
8.2714477930379091e-07
3.5227371340139389e-17
9.3821655649762848e-22
1.4126839342960308e-07
4.8776983789522443e-07
0.068881551127867383
8.7891140734645823e-07
4.4625033694433474e-17
3.8444200357694303e-07
0.061569797667092405
-0.019103311771509222
0.067816495155864451
1.4792575621959403e-06
-0.017188559277708897
9.4743463548271681e-22
-0.0045470548773072546
9.6208701563099686e-07
-1.2472976013075399e-06
-1.5680891826816076e-07
0.010593961231720378
9.2336508080012245e-08
-4.1678134928454035e-18
-2.2074205403279853e-07
0.014369579105950721
-8.1574693980290824e-07
-6.9718951545597822e-08
-0.016813084801721501
-1.2607559726242334e-08
2.5832371328147847e-18
2.0020898018765186e-07
-0.021719446158878081
0.76304430867099082
0.0046714473232113861
3.0880633038968958e-08
-0.0055845502170078602
-2.16725431285826e-23
-0.00057781254700633002
7.7521260571401795e-08
1.3382813684736927e-06
4.5453452711581317e-08
0.0025635668299356434
7.0672390827929837e-08
-4.1343904032095381e-18
4.8264378578813383e-08
0.0035431603311500328
-1.2479845311216973e-16
-1.9568828133628366e-18
-1.0655546644122773e-23
7.4068431155807898e-20
9.1904728369285316e-08
-1.1625672725464964e-18
2.4859956813876031e-23
-4.5618634619479237e-06
-9.1136679198295102e-08
-0.0026238981521455517
2.9930196969929143e-08
4.9796822447957062e-18
-1.2256166997634023e-08
-0.0030385628747918586
0.37006628277359427
0.0070158458509420015
4.760073838133011e-09
0.00028520880728079138
1.0760363325878056e-22
0.0057699426820608897
1.0812907620758733e-07
-1.5680891826685972e-07
-1.1790876680572993e-07
-0.016813084801721511
-6.4085247859259342e-09
5.1095497543789041e-18
1.227145208322275e-07
-0.014736286895538629
-6.9718951539119714e-08
2.4693690428567727e-07
0.13122567092137014
1.6576069878163069e-07
-2.0594537111712767e-18
-8.1750099196684078e-07
0.053695428076330702
0.0046714473232113748
0.61626750382497941
-4.323471008982338e-08
0.0043528821547933888
-2.4039851737449104e-23
0.066396090273654229
6.7828435451611213e-07
4.545345271342446e-08
5.7222022384340043e-07
0.027636083300068229
-6.5509302617922094e-07
2.618293745430096e-17
3.7774906317192269e-07
-0.030601950936683577
-1.9568828133628181e-18
-6.9179694182573359e-17
1.3232906670784707e-23
1.7687278317451253e-17
-3.2882832606134782e-07
-2.2483227241870366e-17
-4.4155497353573003e-22
-9.1136679224963088e-08
-2.2320245581936016e-06
-0.037544225048084474
9.2816839037702936e-07
-3.5072048047715491e-17
-1.1848456553959635e-06
0.030256456624685429
0.0070158458509419755
0.1627220978898006
-1.260419542514768e-06
-0.07759602712217481
-5.3110844135405721e-22
0.068881551127867396
1.4792575621820625e-06
0.010593961231720376
-0.016813084801721518
3.0880633042004724e-08
0.002563566829935646
-1.0655546643689439e-23
-0.0026238981521455626
4.7600738359646066e-09
-0.016813084801721504
0.13122567092137014
-4.323471008982338e-08
0.02763608330006824
1.3232906656918012e-23
-0.037544225048084509
-1.2604195425165027e-06
3.0880633039402638e-08
-4.3234710075945593e-08
0.59498837317929365
3.9115755419427689e-07
-5.1672828815770057e-17
-1.4038458772611118e-06
0.08861125504983848
0.0025635668299356482
0.027636083300068236
3.9115755419427689e-07
0.055124920992744089
-2.9384036512514171e-22
-0.037573974686923126
-2.6285633340089598e-08
-1.0655546645230183e-23
1.323290664844392e-23
-5.167282881577002e-17
-2.9384036514478619e-22
0.026466350296176069
4.263130214717003e-22
-2.7230765559923661e-17
-0.0026238981521455539
-0.037544225048084495
-1.4038458772958062e-06
-0.037573974686923126
4.2631302149552767e-22
0.074990081391495808
-8.1394045846339136e-07
4.7600738375909099e-09
-1.2604195425217068e-06
0.088611255049838467
-2.6285633336620151e-08
-2.7230765559923738e-17
-8.139404584737997e-07
0.15944908152927845
9.2336508078711202e-08
-6.4085247846248916e-09
0.0025635668299356451
5.3664511515116864e-09
-2.41541487090497e-18
-1.1016435234271343e-07
0.0082947020863478223
-1.2607559731880186e-08
1.6576069880591682e-07
0.027636083300068236
-6.9506051619816489e-07
1.0899463166724721e-17
8.6498853162433886e-07
-0.072848082367076197
-0.0055845502170078481
0.0043528821547934374
3.9115755417692966e-07
0.56723054806650952
-7.7374667659962575e-22
0.048188865331041324
3.6362938555037361e-07
7.067239082446039e-08
-6.5509302620003762e-07
0.055124920992744089
4.7599344688009637e-07
-5.7837591684574175e-18
8.610375749895649e-07
-0.012657204365502802
7.4068431155814735e-20
1.7687278317451222e-17
-2.9384036510549722e-22
-6.5478940653698808e-17
1.7380593498065797e-07
-2.2699149615928366e-17
1.1657400624254774e-23
2.9930196975783835e-08
9.2816839041172383e-07
-0.037573974686923112
-1.3154984264268643e-06
-7.4854980051725528e-19
-2.2040809137605089e-06
0.054137174694549886
0.0002852088072808122
-0.077596027122174782
-2.6285633319272916e-08
0.14388059921156618
1.6509692159278725e-23
0.099893725893694676
1.6671634519120626e-06
-4.1678134928454035e-18
5.1095497543789041e-18
-1.0655546645230183e-23
-2.4154148709049731e-18
-3.4980247448634927e-08
3.3073921056314772e-18
2.9373235013961981e-23
2.5832371328147851e-18
-2.0594537111712844e-18
1.3232906647673548e-23
1.0899463166724725e-17
-4.1930398367306942e-07
-1.4647499033968484e-17
-2.9701951356363411e-22
-2.1672543129545565e-23
-2.4039851737449104e-23
-5.1672828815770045e-17
-7.7374667658075164e-22
0.60260398487184808
-3.5530934471620127e-21
1.8467627242449201e-16
-4.1343904032095381e-18
2.6182937454300963e-17
-2.9384036512552689e-22
-5.7837591684574129e-18
7.6583443731070844e-07
1.9243854958323297e-18
3.9707685942551945e-22
9.1904728369285316e-08
-3.2882832605440893e-07
0.026466350296176066
1.7380593497805588e-07
-8.8890635919346804e-17
-3.8311557226319848e-07
0.02388763438699593
4.9796822447957078e-18
-3.5072048047715473e-17
4.2631302147900078e-22
-7.485498005172522e-19
-2.572166130108966e-06
-8.1890432278235062e-18
-1.2480071419993012e-21
1.0760363325983982e-22
-5.3110844134943498e-22
-2.7230765559923719e-17
1.6509692181234327e-23
0.20195836839887649
-1.7039546703515306e-21
7.9643540436799952e-17
-2.2074205403084697e-07
1.2271452083396223e-07
-0.0026238981521455604
-1.101643523435808e-07
3.3073921056314795e-18
1.253975699284926e-07
-0.0076610582369254525
2.0020898019437391e-07
-8.1750099197031023e-07
-0.037544225048084488
8.6498853164342082e-07
-1.4647499033968481e-17
-2.1350496154370902e-06
0.086713396043499702
-0.0005778125470063426
0.066396090273654187
-1.4038458772576423e-06
0.048188865331041345
-3.5530934471527682e-21
0.54980892412054738
-1.3955851468211433e-07
4.8264378591823809e-08
3.7774906318146367e-07
-0.037573974686923126
8.6103757498609546e-07
1.9243854958323389e-18
-1.6435710622070276e-06
0.061525624073136873
-1.1625672725465041e-18
-2.2483227241870391e-17
4.2631302146245584e-22
-2.2699149615928305e-17
-3.831155722649332e-07
-4.6120990227439001e-17
-4.1706777156710492e-22
-1.2256167007500263e-08
-1.1848456554202497e-06
0.074990081391495808
-2.2040809137431616e-06
-8.1890432278234954e-18
1.1844357543921991e-06
-0.066580860610830572
0.0057699426820608732
0.068881551127867424
-8.139404584737997e-07
0.099893725893694663
-1.7039546703657825e-21
0.044038879046331206
-1.7585365303385281e-06
0.014369579105950719
-0.014736286895538627
4.7600738368319684e-09
0.0082947020863478188
2.9373235015502725e-23
-0.0076610582369254525
-2.638265826099967e-07
-0.021719446158878081
0.053695428076330709
-1.2604195425095638e-06
-0.072848082367076197
-2.9701951354514518e-22
0.086713396043499702
2.4537910132127472e-06
7.7521260575738604e-08
6.7828435452261734e-07
0.08861125504983848
3.6362938556078195e-07
1.8467627242449201e-16
-1.3955851466129765e-07
0.58333676595715678
0.0035431603311500328
-0.030601950936683588
-2.6285633333150704e-08
-0.012657204365502798
3.9707685942551945e-22
0.061525624073136886
1.8350499775277029e-06
2.4859956812335287e-23
-4.4155497352186334e-22
-2.723076555992379e-17
1.1657400584195431e-23
0.02388763438699593
-4.1706777156402344e-22
-3.2608531943890287e-17
-0.0030385628747918612
0.03025645662468544
-8.1394045846686081e-07
0.054137174694549886
-1.2480071419869752e-21
-0.066580860610830545
-3.1202875318825374e-06
1.0812907620823785e-07
1.4792575621508375e-06
0.15944908152927847
1.667163451922471e-06
7.9643540436799952e-17
-1.758536530345467e-06
0.095646903355740651
-0.16624591730823435
-0.021815312104538135
9.2336508077247529e-08
0.024419539387627892
-1.0490537938636938e-23
0.0027303940443331948
-3.6409978357602665e-08
-0.14655994753880383
-0.008126010261337616
-6.4085247811554447e-09
-0.018489202209623974
1.8249102558773591e-23
-0.020768303263846856
-2.1245089697327288e-07
1.3382813685569594e-06
4.5453452705058316e-08
0.0025635668299356443
7.0672390830315082e-08
-4.1343904032095358e-18
4.8264378575018675e-08
0.0035431603311500328
0.93904567637299641
0.011400567917023052
5.3664511479338192e-09
0.0089253059844551733
2.4488448214203184e-23
0.015922897716049513
2.0436371783532324e-07
-8.7370414131216049e-22
-5.2779085587655606e-24
-2.4154148709049689e-18
2.9798079434860996e-24
0.012001918925336315
-1.0023615546241866e-22
4.8972930168130153e-18
0.26695961116587996
0.0034747921409782868
-1.1016435233810557e-07
-0.0012041432616132571
-1.4369771978875105e-22
0.0017709897339450251
-1.1196494251208312e-07
1.9631499540914699e-06
2.5551390166287258e-08
0.0082947020863478136
-5.8874159413846265e-08
7.1123942301614988e-18
-1.6327764978333725e-07
0.011247677912154905
-0.021815312104538097
-0.012614282120985702
-1.2607559725917074e-08
-0.018489202209623991
5.9552614585051835e-24
-0.018418628096896081
-1.984237074225282e-07
-0.0081260102613376316
-0.022503459091242212
1.6576069876081401e-07
0.12967291171797363
-1.9106857553440201e-22
0.031430181641739122
1.6509425321189347e-08
4.5453452704595836e-08
5.7222022387115601e-07
0.027636083300068226
-6.55093026191364e-07
2.6182937454300951e-17
3.7774906319057097e-07
-0.030601950936683577
0.011400567917023045
0.66203334683592252
-6.950605161547968e-07
-0.094995073458721754
-2.5111476461920292e-22
0.064734214641436846
1.4003897301430486e-06
-5.2779085689609522e-24
-7.496130197629556e-22
1.0899463166724721e-17
-1.9724775866850224e-23
-0.044240979075281239
2.946276517031964e-22
-1.7448709550192036e-17
0.0034747921409782534
0.12500295120320165
8.6498853159311384e-07
-0.047733168580197202
8.3020559463628093e-22
0.060251873439537501
1.1059757301376885e-06
2.5551390139914041e-08
7.0536211968508233e-07
-0.07284808236707617
-3.7410214715968837e-08
-3.7143255399905921e-17
8.7891140734732559e-07
-0.017188559277708879
9.2336508076542798e-08
-1.2607559718598709e-08
-0.005584550217007862
7.0672390831853294e-08
7.4068431155810498e-20
2.9930196979334597e-08
0.00028520880728079376
-6.4085247824564873e-09
1.6576069878510014e-07
0.0043528821547934998
-6.5509302618615983e-07
1.7687278317451228e-17
9.2816839039611132e-07
-0.077596027122174741
0.002563566829935646
0.027636083300068226
3.9115755420815468e-07
0.055124920992744089
-2.9384036513246024e-22
-0.037573974686923139
-2.6285633334451747e-08
5.3664511469580373e-09
-6.9506051617387876e-07
0.56723054806650941
4.759934469043825e-07
-6.547894065369871e-17
-1.3154984263834962e-06
0.14388059921156623
-2.4154148709049654e-18
1.0899463166724716e-17
-7.7374667659924056e-22
-5.7837591684574237e-18
1.7380593498174217e-07
-7.4854980051726289e-19
1.6509692165056515e-23
-1.101643523392982e-07
8.6498853160005273e-07
0.048188865331041296
8.6103757501732048e-07
-2.2699149615928388e-17
-2.2040809137570394e-06
0.099893725893694704
0.0082947020863478153
-0.072848082367076211
3.6362938557465974e-07
-0.012657204365502835
1.1657400629647378e-23
0.054137174694549886
1.6671634519363487e-06
0.024419539387627878
-0.018489202209623985
7.0672390832801971e-08
0.0089253059844552115
2.9798079362879364e-24
-0.0012041432616132644
-5.8874159412084437e-08
-0.018489202209623971
0.12967291171797365
-6.5509302620697651e-07
-0.094995073458721671
-1.9724775877379644e-23
-0.047733168580197105
-3.7410214745459136e-08
7.0672390828580359e-08
-6.5509302620350707e-07
0.055124920992744082
4.7599344689397416e-07
-5.7837591684574252e-18
8.6103757498262601e-07
-0.0126572043655028
0.0089253059844551837
-0.09499507345872174
4.7599344691132139e-07
0.70776905279291202
-7.6097533319964299e-22
0.13194419742922475
1.2092670958648022e-06
2.9798079439194338e-24
-1.9724775872965052e-23
-5.7837591684574121e-18
-7.6097533323450232e-22
0.048839052173883443
-3.9380737107411761e-22
1.6416788779218172e-17
-0.0012041432616132347
-0.04773316858019714
8.6103757499476907e-07
0.13194419742922472
-3.9380737107647687e-22
0.095570462137068352
-3.7021169306192259e-07
-5.8874159411732071e-08
-3.741021471249939e-08
-0.01265720436550281
1.2092670957572493e-06
1.6416788779218165e-17
-3.7021169302549339e-07
0.070952793838295794
-1.0490537940249904e-23
5.9552614536422104e-24
7.4068431155793935e-20
2.9798079475666636e-24
-0.0046733354582599116
1.1918977059116638e-23
-8.9945788771533006e-19
1.824910255742544e-23
-1.9106857552361681e-22
1.7687278317451225e-17
-1.9724775877199088e-23
-0.079386017815557472
7.6921626274812693e-22
-3.735746710900546e-17
-4.1343904032095366e-18
2.6182937454300954e-17
-2.938403651309195e-22
-5.7837591684574083e-18
7.6583443726907507e-07
1.924385495832322e-18
3.9707685944092689e-22
2.4488448217862451e-23
-2.5111476462998813e-22
-6.5478940653698685e-17
-7.6097533317287256e-22
0.69340646006928963
-4.5072678925952097e-21
2.294560960622192e-16
0.012001918925336315
-0.044240979075281246
1.7380593497935692e-07
0.048839052173883443
-8.2088435122385069e-22
0.0051146392476955184
-5.8756509789537059e-08
-1.4369771978846216e-22
8.3020559464552539e-22
-2.2699149615928391e-17
-3.9380737104455458e-22
0.14759423745269612
-1.1654229245293085e-21
5.4825102919727277e-17
7.1123942301615003e-18
-3.7143255399905927e-17
1.1657400604417695e-23
1.641678877921815e-17
1.0361496623687017e-06
3.0444311133628119e-18
2.9131507094045982e-22
0.0027303940443332161
-0.018418628096896088
2.9930196979443017e-08
-0.0012041432616132649
1.1918977054470332e-23
-0.018008352516216831
-1.845738642507666e-07
-0.020768303263846856
0.031430181641739108
9.2816839037182519e-07
-0.047733168580197112
7.6921626276796401e-22
0.048537004129406605
7.0434748392425583e-07
4.8264378586294378e-08
3.777490631831984e-07
-0.037573974686923119
8.6103757499216699e-07
1.9243854958323343e-18
-1.643571062248661e-06
0.061525624073136873
0.015922897716049496
0.064734214641436832
-1.3154984263730879e-06
0.13194419742922475
-4.5072678926038763e-21
0.54381797097908791
-9.2900835886935984e-07
-1.0023615545825383e-22
2.9462765168855933e-22
-7.4854980051725904e-19
-3.9380737106179166e-22
0.005114639247695508
-8.871340064211591e-22
6.4888211773132928e-18
0.0017709897339450022
0.060251873439537459
-2.2040809137743866e-06
0.095570462137068365
-1.165422924523627e-21
0.052426074969640947
1.1894388078116658e-06
-1.6327764978398777e-07
8.7891140733778461e-07
0.054137174694549858
-3.7021169304284063e-07
3.0444311133628158e-18
2.1306098856241351e-06
-0.060376625201421515
-3.6409978357927926e-08
-1.9842370742588922e-07
0.00028520880728078769
-5.8874159407964468e-08
-8.9945788771531311e-19
-1.8457386425564551e-07
-0.0037402093975216454
-2.1245089698129598e-07
1.6509425288663282e-08
-0.077596027122174782
-3.7410214724642454e-08
-3.735746710900546e-17
7.0434748387915302e-07
-0.018328638150747312
0.0035431603311500311
-0.030601950936683584
-2.6285633342691683e-08
-0.012657204365502796
3.9707685945325284e-22
0.061525624073136873
1.8350499775277029e-06
2.0436371784681578e-07
1.4003897301530233e-06
0.14388059921156626
1.2092670958665369e-06
2.2945609606221915e-16
-9.2900835883119592e-07
0.58037282837137261
4.8972930168130137e-18
-1.7448709550192026e-17
1.6509692160434283e-23
1.6416788779218178e-17
-5.875650978997074e-08
6.4888211773133167e-18
-6.2473621896636824e-22
-1.1196494251956412e-07
1.1059757301012593e-06
0.099893725893694732
-3.7021169303416701e-07
5.4825102919727289e-17
1.1894388077908491e-06
0.050816574368899206
0.01124767791215491
-0.017188559277708862
1.6671634519120626e-06
0.070952793838295808
2.9131507095586726e-22
-0.06037662520142148
-1.466812369919912e-06
1.3442745713675535e-22
1.8409909971898966e-23
-4.1678134928454035e-18
-1.0490537941261018e-23
0.025968913971874744
-2.2159140911252128e-22
1.1979325934320508e-17
4.3788427714850956e-23
7.5042748438124609e-24
5.1095497543789003e-18
5.9552614533051726e-24
-0.033182563321276691
2.920015527565979e-22
-1.4759347530514544e-17
-1.2479845311217e-16
-1.9568828133628374e-18
-1.0655546644411663e-23
7.4068431155807537e-20
9.1904728369719036e-08
-1.1625672725464968e-18
2.4859956813876031e-23
-8.7370414140922735e-22
-5.2779085603303787e-24
-2.4154148709049689e-18
2.9798079439194338e-24
0.012001918925336317
-1.0023615546302051e-22
4.8972930168130137e-18
1.115356320735057
0.01211352249101175
-3.4980247449935996e-08
-0.004673335458259922
-1.6823909204249529e-23
0.0054108777863582846
8.3770984412060999e-08
-7.8016110082177976e-21
-1.0491929999791546e-22
3.3073921056314753e-18
1.1918977054759222e-23
-0.01325609530965562
2.0201541667144536e-23
-4.1737798362554253e-18
3.9976222793917287e-16
5.6666479334864779e-18
2.9373235014973095e-23
-8.9945788771533988e-19
-2.0970671011418678e-07
3.6742103008365318e-18
-2.8014625121134976e-23
1.8409909971898966e-23
5.7824635851949932e-24
2.5832371328147886e-18
1.8249102556366178e-23
-0.033182563321276712
2.4150991760279547e-22
-1.1503897962762555e-17
7.5042748427020419e-24
-4.6428602371557374e-23
-2.0594537111712747e-18
-1.9106857552766126e-22
0.15005881815657801
-8.7638834542369752e-22
3.9269091226536372e-17
-1.9568828133628174e-18
-6.9179694182573322e-17
1.3232906673095823e-23
1.7687278317451259e-17
-3.2882832605787853e-07
-2.2483227241870372e-17
-4.4155497353495966e-22
-5.2779085687924334e-24
-7.4961301975987411e-22
1.0899463166724724e-17
-1.9724775869016895e-23
-0.044240979075281239
2.9462765170541121e-22
-1.7448709550192036e-17
0.012113522491011688
0.7539985809160481
-4.1930398366613095e-07
-0.079386017815557555
4.8730146260049943e-23
0.14224379210126242
2.3277958728241277e-06
-1.0491930001244683e-22
-4.808660309843208e-21
-1.4647499033968477e-17
7.6921626277393439e-22
0.051765813637864179
-1.1571703657274045e-21
8.9079488329565041e-18
5.6666479334864586e-18
2.444369093699219e-16
-2.9701951354899704e-22
-3.7357467109005479e-17
8.2714477931539219e-07
4.4625033694433591e-17
9.4743463547096863e-22
-4.1678134928454035e-18
2.5832371328147886e-18
-2.1672543131086309e-23
-4.1343904032095381e-18
9.1904728370755805e-08
4.9796822447957085e-18
1.0760363326012871e-22
5.1095497543788941e-18
-2.0594537111712863e-18
-2.4039851740530592e-23
2.6182937454300963e-17
-3.2882832605365014e-07
-3.5072048047715491e-17
-5.3110844135116832e-22
-1.0655546645711665e-23
1.3232906649214292e-23
-5.1672828815770094e-17
-2.9384036514247508e-22
0.026466350296176062
4.2631302147092993e-22
-2.7230765559923627e-17
-2.415414870904965e-18
1.0899463166724727e-17
-7.7374667660078131e-22
-5.7837591684574299e-18
1.7380593498174225e-07
-7.4854980051726174e-19
1.6509692175841723e-23
-3.4980247448634953e-08
-4.193039836175587e-07
0.60260398487184808
7.6583443729683129e-07
-8.889063591934673e-17
-2.5721661301020296e-06
0.20195836839887632
3.3073921056314738e-18
-1.464749903396849e-17
-3.5530934471519978e-21
1.9243854958323474e-18
-3.8311557226753545e-07
-8.1890432278235047e-18
-1.7039546703723306e-21
2.9373235015490688e-23
-2.9701951354360444e-22
1.8467627242449204e-16
3.9707685943322317e-22
0.02388763438699593
-1.2480071419515381e-21
7.9643540436800014e-17
-1.0490537941092499e-23
1.8249102554440248e-23
-4.1343904032095396e-18
2.4488448216321707e-23
0.012001918925336329
-1.4369771978658438e-22
7.112394230161508e-18
5.9552614537385069e-24
-1.9106857553151312e-22
2.6182937454300957e-17
-2.5111476463306962e-22
-0.044240979075281246
8.3020559463608833e-22
-3.7143255399905946e-17
7.4068431155814157e-20
1.7687278317451219e-17
-2.9384036510665278e-22
-6.5478940653698759e-17
1.7380593498022437e-07
-2.2699149615928373e-17
1.165740062656589e-23
2.9798079446416575e-24
-1.9724775882883591e-23
-5.7837591684574237e-18
-7.6097533319906521e-22
0.048839052173883436
-3.9380737106949538e-22
1.6416788779218175e-17
-0.0046733354582599116
-0.07938601781555743
7.6583443722744235e-07
0.69340646006928985
-8.2088435117348762e-22
0.14759423745269612
1.0361496623478858e-06
1.1918977061018494e-23
7.6921626277162327e-22
1.9243854958323759e-18
-4.5072678926443209e-21
0.0051146392476955124
-1.1654229245408641e-21
3.0444311133628115e-18
-8.9945788771532582e-19
-3.7357467109005436e-17
3.9707685942205278e-22
2.2945609606221915e-16
-5.8756509792139171e-08
5.482510291972732e-17
2.9131507096241543e-22
0.025968913971874744
-0.033182563321276719
9.19047283703289e-08
0.012001918925336329
-1.6823909204345825e-23
-0.013256095309655639
-2.0970671011594184e-07
-0.033182563321276698
0.15005881815657804
-3.2882832605430066e-07
-0.044240979075281239
4.873014624502769e-23
0.051765813637864165
8.2714477930422491e-07
9.1904728369719036e-08
-3.2882832605440908e-07
0.026466350296176062
1.7380593497805596e-07
-8.8890635919346742e-17
-3.8311557226233128e-07
0.023887634386995926
0.01200191892533632
-0.044240979075281253
1.73805934979357e-07
0.04883905217388345
-8.2088435116530242e-22
0.0051146392476955176
-5.8756509789537086e-08
-1.6823909203960639e-23
4.8730146256968455e-23
-8.889063591934657e-17
-8.208843511671802e-22
0.88015909337941223
-5.7784979847045948e-21
2.9472979164977124e-16
-0.013256095309655627
0.051765813637864165
-3.8311557226753545e-07
0.0051146392476955089
-5.7784979847324245e-21
0.034603088333629732
1.4977788105651279e-07
-2.0970671011418678e-07
8.2714477930498385e-07
0.023887634386995933
-5.8756509793873894e-08
2.9472979164977133e-16
1.4977788105434439e-07
0.025041355040818506
-2.2159140911350832e-22
2.4150991760433622e-22
4.9796822447957093e-18
-1.4369771978677697e-22
-0.013256095309655639
2.4969740456863049e-22
-6.3287214538387668e-18
2.9200155275589975e-22
-8.7638834541946047e-22
-3.5072048047715497e-17
8.3020559464687354e-22
0.051765813637864186
-1.3813994415488771e-21
3.5227371340139407e-17
-1.1625672725465037e-18
-2.2483227241870379e-17
4.2631302146168547e-22
-2.2699149615928323e-17
-3.8311557226493336e-07
-4.6120990227439031e-17
-4.1706777156864567e-22
-1.0023615545854272e-22
2.9462765169462601e-22
-7.4854980051725557e-19
-3.9380737106911019e-22
0.0051146392476955106
-8.871340063441219e-22
6.4888211773132928e-18
0.0054108777863582768
0.14224379210126242
-2.5721661300881519e-06
0.14759423745269604
-5.7784979847117207e-21
0.57795007128514353
-2.5878234605203353e-07
2.0201541663340825e-23
-1.1571703657443527e-21
-8.1890432278235463e-18
-1.1654229245165974e-21
0.034603088333629746
-3.820376695808088e-21
7.338543624393485e-18
3.6742103008365148e-18
4.4625033694433517e-17
-1.2480071419615529e-21
5.4825102919727332e-17
1.4977788105781383e-07
1.7989503456914886e-16
-2.6072815539402955e-22
1.1979325934320509e-17
-1.1503897962762555e-17
1.076036332604176e-22
7.1123942301615065e-18
-2.0970671011594861e-07
-6.3287214538387668e-18
-1.9050185729001598e-22
-1.4759347530514547e-17
3.9269091226536366e-17
-5.3110844134750905e-22
-3.7143255399905934e-17
8.2714477930411649e-07
3.5227371340139407e-17
9.3821655649146551e-22
2.485995681252788e-23
-4.4155497352099667e-22
-2.7230765559923762e-17
1.1657400584965803e-23
0.02388763438699593
-4.1706777156710492e-22
-3.2608531943890336e-17
4.8972930168130137e-18
-1.7448709550192023e-17
1.6509692180656548e-23
1.6416788779218178e-17
-5.8756509789753926e-08
6.4888211773133152e-18
-6.2473621903416097e-22
8.3770984420084095e-08
2.3277958727807596e-06
0.2019583683988766
1.0361496624311525e-06
2.9472979164977133e-16
-2.5878234603815574e-07
0.60973660456336432
-4.1737798362554322e-18
8.9079488329564917e-18
-1.703954670356538e-21
3.0444311133627846e-18
1.4977788105738015e-07
7.3385436243935112e-18
-3.8190143307367665e-21
-2.8014625120244233e-23
9.4743463547039085e-22
7.9643540436800051e-17
2.9131507096549691e-22
0.025041355040818513
-2.6072815534780723e-22
2.152781691980338e-16
0.19982259821105131
0.030362625792629584
-2.2074205402651016e-07
0.0027303940443331896
-2.2159140911131757e-22
0.026196620379597475
1.2978514686882384e-07
0.26886563190474877
0.0061369059342659786
1.227145208413348e-07
-0.018418628096896063
2.4150991760510659e-22
-0.009826008278469054
1.4126839341420741e-07
-4.561863461927107e-06
-9.1136679188472908e-08
-0.0026238981521455526
2.9930196964074451e-08
4.9796822447957062e-18
-1.225616699102039e-08
-0.003038562874791856
0.2669596111658798
0.0034747921409782894
-1.1016435233837663e-07
-0.0012041432616132575
-1.4369771978610289e-22
0.001770989733945026
-1.1196494251360101e-07
-7.8016110082409088e-21
-1.0491929999977406e-22
3.3073921056314741e-18
1.1918977053435145e-23
-0.013256095309655623
2.0201541666157497e-23
-4.1737798362554261e-18
0.78200675905033767
0.007414558987395365
1.2539756992925154e-07
-0.018008352516216866
2.4969740457074901e-22
-0.0087866804456484919
1.6513705369315158e-07
-4.6781483382940525e-07
-2.0930329279477983e-08
-0.0076610582369254446
-1.8457386425328737e-07
-6.3287214538387606e-18
-3.9936901599776573e-08
-0.010135886670528208
0.030362625792629525
0.002012886237926139
2.0020898019686758e-07
-0.020768303263846863
2.9200155275739234e-22
-0.0098260082784690558
1.4448303047585095e-07
0.0061369059342659951
0.13193211883644293
-8.1750099194255466e-07
0.031430181641739108
-8.7638834543602347e-22
0.09515269241996499
4.8776983787354039e-07
-9.113667921263537e-08
-2.2320245582907461e-06
-0.037544225048084481
9.2816839037876409e-07
-3.5072048047715491e-17
-1.1848456554185149e-06
0.030256456624685429
0.0034747921409782551
0.12500295120320154
8.6498853159658329e-07
-0.047733168580197181
8.3020559463936242e-22
0.060251873439537487
1.1059757301385559e-06
-1.0491930001421854e-22
-4.8086603098771044e-21
-1.4647499033968471e-17
7.6921626277576402e-22
0.051765813637864172
-1.1571703657204712e-21
8.9079488329564994e-18
0.0074145589873953859
0.59413682779199084
-2.1350496154162735e-06
0.048537004129406515
-1.3813994415889365e-21
0.092105371514299247
1.4379620403050242e-06
-2.0930329288802122e-08
2.14364571343717e-07
0.086713396043499702
7.0434748393813362e-07
3.5227371340139413e-17
3.8444200357173886e-07
-0.0045470548773072703
-2.2074205402770278e-07
2.0020898018916974e-07
-0.00057781254700636081
4.8264378568228859e-08
-1.162567272546506e-18
-1.2256167011051025e-08
0.0057699426820608784
1.227145208300591e-07
-8.1750099194255466e-07
0.066396090273654146
3.777490631649838e-07
-2.2483227241870357e-17
-1.1848456553560649e-06
0.068881551127867369
-0.0026238981521455526
-0.037544225048084481
-1.4038458772125395e-06
-0.037573974686923119
4.2631302151098927e-22
0.074990081391495822
-8.1394045847466706e-07
-1.1016435233967767e-07
8.6498853160699163e-07
0.048188865331041358
8.6103757501732048e-07
-2.26991496159284e-17
-2.2040809137605089e-06
0.09989372589369469
3.3073921056314749e-18
-1.4647499033968468e-17
-3.5530934471242645e-21
1.9243854958323497e-18
-3.8311557226753529e-07
-8.1890432278235031e-18
-1.7039546703915899e-21
1.253975699263242e-07
-2.1350496153677012e-06
0.54980892412054749
-1.643571062279886e-06
-4.6120990227439019e-17
1.1844357544268935e-06
0.044038879046331129
-0.0076610582369254438
0.086713396043499744
-1.3955851466129765e-07
0.061525624073136914
-4.1706777159175683e-22
-0.066580860610830572
-1.7585365304217948e-06
0.0027303940443332035
-0.020768303263846863
4.826437856619598e-08
0.015922897716049482
-1.0023615546417607e-22
0.0017709897339450338
-1.6327764979081824e-07
-0.018418628096896067
0.031430181641739108
3.7774906318580048e-07
0.064734214641436749
2.9462765171341887e-22
0.060251873439537404
8.7891140738635687e-07
2.9930196969712303e-08
9.2816839041345855e-07
-0.037573974686923105
-1.3154984264684977e-06
-7.4854980051724671e-19
-2.2040809137414269e-06
0.054137174694549872
-0.0012041432616132358
-0.047733168580197119
8.6103757499303435e-07
0.13194419742922475
-3.9380737107373242e-22
0.095570462137068338
-3.7021169308273927e-07
1.1918977061427754e-23
7.6921626277277883e-22
1.9243854958323697e-18
-4.5072678926319949e-21
0.0051146392476955072
-1.1654229245420196e-21
3.0444311133628104e-18
-0.01800835251621687
0.048537004129406577
-1.6435710623215194e-06
0.54381797097908802
-8.8713400637570715e-22
0.052426074969640926
2.1306098856449518e-06
-1.8457386423724118e-07
7.0434748388956137e-07
0.06152562407313697
-9.2900835893527933e-07
6.4888211773132836e-18
1.1894388077283991e-06
-0.060376625201421466
-2.2159140911040275e-22
2.9200155275787383e-22
-1.1625672725464821e-18
-1.0023615547472054e-22
0.0054108777863582647
2.0201541662594527e-23
3.6742103008365156e-18
2.415099176020251e-22
-8.7638834543294198e-22
-2.2483227241870332e-17
2.9462765171302767e-22
0.1422437921012624
-1.157170365658071e-21
4.4625033694433542e-17
4.979682244795707e-18
-3.5072048047715479e-17
4.2631302150020407e-22
-7.4854980051725365e-19
-2.572166130171416e-06
-8.1890432278234985e-18
-1.2480071419715678e-21
-1.4369771978783623e-22
8.302055946424439e-22
-2.2699149615928382e-17
-3.9380737104869533e-22
0.14759423745269618
-1.16542292453759e-21
5.4825102919727314e-17
-0.01325609530965563
0.051765813637864186
-3.8311557226753529e-07
0.0051146392476955045
-5.7784979847216393e-21
0.034603088333629725
1.4977788105651271e-07
2.496974045684379e-22
-1.3813994415827735e-21
-4.612099022743897e-17
-8.8713400635818119e-22
0.57795007128514364
-3.820376695785362e-21
1.7989503456914876e-16
-6.3287214538387683e-18
3.5227371340139401e-17
-4.1706777158251236e-22
6.4888211773133036e-18
-2.5878234601039996e-07
7.3385436243935127e-18
-2.6072815538632583e-22
0.026196620379597448
-0.0098260082784690454
-1.225616701118655e-08
0.0017709897339450381
2.0201541672994548e-23
-0.0087866804456485578
-3.993690159375925e-08
-0.0098260082784690627
0.095152692419964935
-1.1848456553456566e-06
0.060251873439537369
-1.15717036570776e-21
0.092105371514299095
3.8444200355092217e-07
-1.2256166999043486e-08
-1.1848456554254538e-06
0.074990081391495808
-2.2040809137474984e-06
-8.1890432278234893e-18
1.1844357544199546e-06
-0.066580860610830558
0.0017709897339450052
0.060251873439537466
-2.2040809137743866e-06
0.095570462137068338
-1.1654229245285381e-21
0.05242607496964094
1.1894388078220741e-06
2.0201541661198228e-23
-1.1571703657435823e-21
-8.1890432278235432e-18
-1.1654229245181381e-21
0.034603088333629739
-3.820376695808088e-21
7.3385436243934803e-18
-0.0087866804456485006
0.092105371514299123
1.1844357544477102e-06
0.052426074969640912
-3.8203766958408288e-21
0.58181687901037582
-2.5275263140223103e-06
-3.9936901602595498e-08
3.8444200354224856e-07
-0.0665808606108306
1.1894388077804408e-06
7.3385436243934773e-18
-2.5275263138696547e-06
0.11264566826673295
1.2978514686773964e-07
1.444830304841993e-07
0.0057699426820608905
-1.6327764979694398e-07
3.6742103008365064e-18
-3.9936901592946099e-08
0.0037472226928022649
1.412683934280852e-07
4.877698378982602e-07
0.068881551127867396
8.7891140738288742e-07
4.4625033694433517e-17
3.8444200359949443e-07
0.061569797667092141
-0.0030385628747918577
0.030256456624685447
-8.1394045848594276e-07
0.054137174694549886
-1.2480071419592418e-21
-0.066580860610830545
-3.1202875319380485e-06
-1.1196494251707045e-07
1.1059757301012593e-06
0.09989372589369476
-3.702116930480448e-07
5.482510291972727e-17
1.1894388077804408e-06
0.050816574368899303
-4.1737798362554307e-18
8.9079488329564979e-18
-1.7039546703684788e-21
3.044431113362778e-18
1.4977788105391063e-07
7.3385436243935142e-18
-3.8190143307814481e-21
1.6513705369445263e-07
1.4379620403466575e-06
0.044038879046331199
2.1306098856449518e-06
1.7989503456914863e-16
-2.527526313911288e-06
0.55013579321084172
-0.01013588667052823
-0.0045470548773073015
-1.7585365303732226e-06
-0.060376625201421577
-2.6072815539865178e-22
0.112645668266733
2.581549746680234e-06
3.1836275622837418e-06
4.9879902749416088e-07
0.014369579105950719
-3.6409978362589995e-08
1.1979325934320508e-17
1.297851468782564e-07
0.019521750520561335
4.4855003939470173e-06
9.1328092108056971e-08
-0.014736286895538608
-1.9842370742794921e-07
-1.1503897962762533e-17
1.4448303048072986e-07
-0.019103311771509226
0.37006628277359443
0.0070158458509420023
4.7600738376993301e-09
0.00028520880728079203
1.0760363325887686e-22
0.0057699426820608888
1.0812907620671997e-07
1.9631499540290198e-06
2.5551390155770497e-08
0.0082947020863478136
-5.8874159407883153e-08
7.1123942301614973e-18
-1.6327764979038456e-07
0.011247677912154908
3.9976222793917307e-16
5.6666479334864779e-18
2.9373235014684205e-23
-8.9945788771533969e-19
-2.0970671011418668e-07
3.674210300836531e-18
-2.80146251204609e-23
-4.6781483370450516e-07
-2.0930329261009277e-08
-0.0076610582369254464
-1.8457386426196098e-07
-6.3287214538387622e-18
-3.9936901588934551e-08
-0.010135886670528213
0.83969595451533086
0.0089205131227818712
-2.6382658261520087e-07
-0.0037402093975216627
-1.9050185729001598e-22
0.0037472226928022797
-2.5304854677030836e-07
4.9879902749242616e-07
-1.6037144660863145e-08
-0.021719446158878081
-2.1245089697544128e-07
-1.4759347530514547e-17
1.4126839342244735e-07
-0.019103311771509243
9.1328092096184957e-08
2.2031560559521157e-06
0.053695428076330667
1.6509425278254941e-08
3.9269091226536366e-17
4.877698379299189e-07
0.067816495155864479
0.0070158458509419746
0.16272209788980063
-1.260419542514768e-06
-0.077596027122174824
-5.311084413571387e-22
0.06888155112786741
1.4792575621824962e-06
2.5551390128936494e-08
7.0536211965732676e-07
-0.07284808236707617
-3.7410214731581348e-08
-3.7143255399905927e-17
8.7891140737941797e-07
-0.01718855927770889
5.6666479334864602e-18
2.4443690936992195e-16
-2.9701951354360444e-22
-3.7357467109005491e-17
8.2714477931539188e-07
4.4625033694433585e-17
9.4743463546807974e-22
-2.0930329267688979e-08
2.14364571343717e-07
0.086713396043499688
7.0434748394160307e-07
3.5227371340139419e-17
3.8444200350928881e-07
-0.0045470548773072633
0.0089205131227818434
0.60899587411757883
2.4537910132439722e-06
-0.018328638150747412
9.3821655651765816e-22
0.06156979766709246
9.6208701563793575e-07
0.014369579105950721
-0.021719446158878088
7.7521260567064987e-08
0.0035431603311500371
2.4859956808483427e-23
-0.0030385628747918634
1.0812907620671997e-07
-0.014736286895538617
0.053695428076330674
6.7828435454386771e-07
-0.030601950936683577
-4.4155497351570036e-22
0.030256456624685443
1.4792575621577764e-06
4.7600738359646066e-09
-1.260419542514768e-06
0.088611255049838494
-2.6285633343559045e-08
-2.7230765559923729e-17
-8.1394045847033025e-07
0.15944908152927845
0.0082947020863478188
-0.072848082367076183
3.6362938554690416e-07
-0.012657204365502838
1.1657400624254774e-23
0.054137174694549879
1.6671634519259404e-06
2.9373235015213836e-23
-2.9701951354437481e-22
1.8467627242449201e-16
3.9707685942706019e-22
0.023887634386995933
-1.2480071419561603e-21
7.9643540436800026e-17
-0.0076610582369254455
0.086713396043499716
-1.3955851463354207e-07
0.061525624073136928
-4.1706777158010495e-22
-0.066580860610830545
-1.7585365304287337e-06
-2.6382658261238194e-07
2.4537910132751972e-06
0.58333676595715689
1.835049977520764e-06
-3.2608531943890348e-17
-3.1202875318825374e-06
0.095646903355740678
-3.6409978360421591e-08
-2.124508969819465e-07
0.0035431603311500363
2.0436371784074425e-07
4.8972930168130145e-18
-1.1196494251186628e-07
0.011247677912154917
-1.984237074236124e-07
1.6509425226213237e-08
-0.030601950936683588
1.4003897301217982e-06
-1.7448709550192033e-17
1.1059757300917183e-06
-0.017188559277708907
0.00028520880728081111
-0.077596027122174782
-2.6285633322742363e-08
0.1438805992115661
1.6509692158893539e-23
0.09989372589369469
1.6671634519155321e-06
-5.8874159400944259e-08
-3.7410214724642454e-08
-0.012657204365502828
1.2092670958335772e-06
1.6416788779218153e-17
-3.7021169304284063e-07
0.070952793838295808
-8.9945788771532582e-19
-3.7357467109005442e-17
3.9707685942089722e-22
2.2945609606221906e-16
-5.8756509789537059e-08
5.4825102919727314e-17
2.9131507096203024e-22
-1.845738642502516e-07
7.0434748388956137e-07
0.061525624073136997
-9.2900835892140154e-07
6.4888211773132997e-18
1.1894388077526852e-06
-0.06037662520142148
-0.0037402093975216484
-0.018328638150747308
1.8350499774652529e-06
0.58037282837137261
-6.2473621902645725e-22
0.050816574368899303
-1.4668123699546065e-06
1.1979325934320508e-17
-1.4759347530514553e-17
2.4859956810794543e-23
4.8972930168130168e-18
8.3770984413145122e-08
-4.1737798362554322e-18
-2.8014625117764598e-23
-1.1503897962762538e-17
3.9269091226536366e-17
-4.4155497349721143e-22
-1.7448709550192036e-17
2.3277958728085135e-06
8.9079488329565071e-18
9.4743463546807974e-22
1.0760363326022501e-22
-5.3110844134789424e-22
-2.7230765559923707e-17
1.6509692178538025e-23
0.20195836839887643
-1.7039546703526861e-21
7.9643540436799952e-17
7.1123942301614988e-18
-3.7143255399905934e-17
1.1657400594210267e-23
1.6416788779218144e-17
1.0361496625005406e-06
3.0444311133628065e-18
2.9131507095124503e-22
-2.0970671011418668e-07
8.2714477930498354e-07
0.023887634386995933
-5.8756509790404421e-08
2.9472979164977133e-16
1.4977788105434431e-07
0.025041355040818503
-6.3287214538387653e-18
3.5227371340139407e-17
-4.1706777155583823e-22
6.4888211773133082e-18
-2.5878234610754447e-07
7.3385436243935235e-18
-2.6072815541714071e-22
-1.9050185729059375e-22
9.3821655649069514e-22
-3.2608531943890311e-17
-6.2473621897946456e-22
0.60973660456336454
-3.8190143307533295e-21
2.1527816919803373e-16
1.2978514687391959e-07
1.4126839342071262e-07
-0.0030385628747918664
-1.1196494251013156e-07
-4.1737798362554322e-18
1.6513705369466947e-07
-0.010135886670528229
1.4448303047465832e-07
4.8776983796114393e-07
0.030256456624685429
1.1059757300986572e-06
8.9079488329565071e-18
1.4379620404403326e-06
-0.0045470548773072356
0.0057699426820608741
0.068881551127867424
-8.1394045848420804e-07
0.099893725893694663
-1.7039546703650121e-21
0.044038879046331303
-1.7585365303246503e-06
-1.6327764979385401e-07
8.7891140735339712e-07
0.054137174694549858
-3.7021169303763646e-07
3.0444311133628127e-18
2.130609885631074e-06
-0.060376625201421528
3.6742103008365141e-18
4.4625033694433517e-17
-1.2480071419638641e-21
5.4825102919727326e-17
1.4977788105781376e-07
1.7989503456914888e-16
-2.6072815539711104e-22
-3.9936901587199827e-08
3.8444200350928881e-07
-0.066580860610830614
1.1894388077735019e-06
7.3385436243934803e-18
-2.527526313911288e-06
0.11264566826673293
0.0037472226928022536
0.061569797667092266
-3.120287531910293e-06
0.050816574368899303
-3.8190143307606481e-21
0.55013579321084183
2.5815497465692117e-06
0.019521750520561335
-0.01910331177150925
1.0812907620845469e-07
0.011247677912154917
-2.8014625120846086e-23
-0.010135886670528227
-2.53048546769441e-07
-0.019103311771509229
0.067816495155864465
1.4792575621543069e-06
-0.017188559277708879
9.4743463548040569e-22
-0.0045470548773072425
9.6208701572120248e-07
1.0812907620932205e-07
1.4792575621482354e-06
0.15944908152927845
1.6671634519155321e-06
7.9643540436799977e-17
-1.7585365303385281e-06
0.095646903355740553
0.011247677912154908
-0.017188559277708848
1.6671634519398182e-06
0.070952793838295794
2.9131507094508206e-22
-0.06037662520142148
-1.4668123699823621e-06
-2.8014625119690528e-23
9.4743463546807974e-22
7.9643540436800051e-17
2.9131507096819322e-22
0.02504135504081851
-2.6072815535397021e-22
2.1527816919803375e-16
-0.010135886670528229
-0.0045470548773072945
-1.7585365303801614e-06
-0.060376625201421563
-2.6072815541097773e-22
0.11264566826673297
2.5815497467496229e-06
-2.5304854676748943e-07
9.6208701567609967e-07
0.095646903355740776
-1.4668123699337898e-06
2.1527816919803368e-16
2.5815497467149284e-06
0.59696663697713526
