2 5 2 # rank nocc nvirt sto-3g fock tensor
-20.254600807670446
-5.1637803382792633
-0.015686786697397197
-0.020077967968091869
3.0368455324315764e-23
-0.85334202876362975
-0.85333483239146068
-5.1637803382792633
-2.410678744585308
-0.045798360099944632
-0.058617831751910279
-1.0621809995579256e-23
-0.80153742509385539
-0.80153259455197778
-0.015686786697397197
-0.045798360099944632
-0.24951992577407722
-0.020325743891108829
-4.6520922428064257e-17
-0.48183238370961501
0.082042771692157346
-0.020077967968091869
-0.058617831751910279
-0.020325743891108829
-0.25965367389621896
3.6348162748166038e-17
-0.035577263490864951
-0.47612571628305234
3.0368455324315764e-23
-1.0621809995579256e-23
-4.6520922428064257e-17
3.6348162748166038e-17
-0.38758691282972002
4.2880971838421996e-17
-4.2880663275244498e-17
-0.85334202876362975
-0.80153742509385539
-0.48183238370961501
-0.035577263490864951
4.2880971838421996e-17
-0.41820767997890052
-0.25229023700288467
-0.85333483239146068
-0.80153259455197778
0.082042771692157346
-0.47612571628305234
-4.2880663275244498e-17
-0.25229023700288467
-0.41820430857750157
